tooltext=1
showhidden=0
fontsize=2
automount=0
fadeframes=4
fontfamily=Droid Sans
iconset=Generic
language=English
theme=
calibration=57825.000000;-45.000000;-1402185.000000;-1105.000000;95200.000000;75950.000000;119932.250000;0
